33036

33024

33024

33028

33014

33010

33026

33016

33020

33034

33006

33028

33028

33012

33028

33010

33014

33020

33004

33012

33002

33024

33022

33022

33014

33018

33010

33014

33036

33022

33026

33026

33010

33022

33020

33020

33026

33022

33024

33022

33008

33018

33026

33018

33012

33016

33026

33020

33024

33028

33028

33026

33028

33022

33010

33028

33004

33004

33026

33012

33018

33022

33018

33000

33002

33028

33038

33010

33028

33020

33026

33024

33008

33026

33018

33024

33018

33016

33022

33020

32996

33016

33022

33016

33002

33020

33028

33024

33014

33014

33032

33008

33018

33028

33024

33016

33030

33028

33026

33030

52983

33016

33022

33014

33022

33020

33002

33006

33022

33020

33020

33040

33026

33038

33032

33032

33030

33050

33028

33044

33034

33040

33028

